-2.500000000000000000e+01
-2.500000000000000000e+01
-2.500000000000000000e+01
-2.500000000000000000e+01
-2.500000000000000000e+01
-2.500000000000000000e+01
-2.500000000000000000e+01
-2.500000000000000000e+01
-2.500000000000000000e+01
-2.500000000000000000e+01
-2.500000000000000000e+01
-2.500000000000000000e+01
-2.500000000000000000e+01
-2.500000000000000000e+01
-2.500000000000000000e+01
-2.500000000000000000e+01
-2.500000000000000000e+01
-2.500000000000000000e+01
-2.500000000000000000e+01
-2.500000000000000000e+01
-2.500000000000000000e+01
-2.500000000000000000e+01
-2.500000000000000000e+01
-2.500000000000000000e+01
-2.500000000000000000e+01
-2.499998819719372278e+01
-2.500000000000000000e+01
-2.500000000000000000e+01
-2.499998606850243021e+01
-2.500000000000000000e+01
-2.500000000000000000e+01
-2.500000000000000000e+01
-2.500000000000000000e+01
-2.499998489887845565e+01
-2.499999253072873984e+01
-2.499998828201558609e+01
-2.499999547369965569e+01
-2.500000000000000000e+01
-2.499999401252957654e+01
-2.499999182113272411e+01
-2.499999211635640251e+01
-2.499999400145831174e+01
-2.499998822047664504e+01
-2.499998926957709244e+01
-2.499999131581509815e+01
-2.499999249861125605e+01
-2.499998615494228460e+01
-2.499999241775662284e+01
-2.499999006023316284e+01
-2.499998910999262947e+01
-2.499999157590445265e+01
-2.499999081536670786e+01
-2.499998483708185404e+01
-2.499999250323151756e+01
-2.499998558651351033e+01
-2.499998992690228761e+01
-2.499999418498276071e+01
-2.499999301212082514e+01
-2.499998987735328271e+01
-2.499999200691940260e+01
-2.499998791075937987e+01
-2.499999504436866005e+01
-2.499999124287567653e+01
-2.499999302497935716e+01
-2.499999194579608996e+01
-2.499999290163293963e+01
-2.499998731823625775e+01
-2.499999249873189910e+01
-2.499999450434654946e+01
-2.499999676578493890e+01
-2.499999365118530648e+01
-2.499999365683179420e+01
-2.499998641441989733e+01
-2.499999558296813618e+01
-2.499999343627932902e+01
-2.499998941533787544e+01
-2.499998625117446593e+01
-2.499998816174220906e+01
-2.499999249500698895e+01
-2.499998760863253366e+01
-2.499999045263742659e+01
-2.499998589527501025e+01
-2.499998944798664269e+01
-2.499998691532745809e+01
-2.499998324457985888e+01
-2.499998794268180546e+01
-2.499998667524191376e+01
-2.499999062523924209e+01
-2.499998805874422914e+01
-2.499999245093832911e+01
-2.499998883986273057e+01
-2.499999221372666369e+01
-2.499998768336743638e+01
-2.499998941005670616e+01
-2.499998861984896337e+01
-2.499998844630125205e+01
-2.499998467744008934e+01
-2.499998161997285351e+01
-2.499997956840667968e+01
-2.499998147773845503e+01
-2.499997753517478927e+01
-2.499998015419887309e+01
-2.499997212583256356e+01
-2.499997733800926270e+01
-2.499997892483272466e+01
-2.499997834743874137e+01
-2.499997438044729137e+01
-2.499997366125667142e+01
-2.499997778222906675e+01
-2.499997458890276292e+01
-2.499998107177053441e+01
-2.499998021572503148e+01
-2.499997678268400492e+01
-2.499997366453118275e+01
-2.499997633238018935e+01
-2.499997786134138167e+01
-2.499998105478569954e+01
-2.499997845920408324e+01
-2.499997786753004547e+01
-2.499998062436711166e+01
-2.499998235574805250e+01
-2.499997374120182769e+01
-2.499997738803871528e+01
-2.499997126167829009e+01
-2.499997514834435464e+01
-2.499997706448757384e+01
-2.499997671199702864e+01
-2.499997264144334963e+01
-2.499997829750127565e+01
-2.499997950685033032e+01
-2.499997875771434153e+01
-2.499997352269189221e+01
-2.499997373470926476e+01
-2.499997380876778053e+01
-2.499997875992592711e+01
-2.499997435314599414e+01
-2.499997759150644683e+01
-2.499996958352985388e+01
-2.499998316439912927e+01
-2.499997711826594582e+01
-2.499997748228771854e+01
-2.499997592406141678e+01
-2.499997280374816810e+01
-2.499997586952854789e+01
-2.499997535427889517e+01
-2.499997443098142114e+01
-2.499997453497358180e+01
-2.499997703455658282e+01
-2.499997524227768153e+01
-2.499997177852667463e+01
-2.499997057057242245e+01
-2.499996935389311048e+01
-2.499997341361861203e+01
-2.499996240816510706e+01
-2.499997408344291117e+01
-2.499997154244207564e+01
-2.499997485904528816e+01
-2.499996881424932482e+01
-2.499996494980152661e+01
-2.499996936475046994e+01
-2.499996758476146042e+01
-2.499995881736374770e+01
-2.499995118108846981e+01
-2.499996024776342907e+01
-2.499997241778402568e+01
-2.499997637191916766e+01
-2.499997780777302481e+01
-2.499997674360996314e+01
-2.499996550213018409e+01
-2.499997418316649700e+01
-2.499997580594283164e+01
-2.499997439976570490e+01
-2.499997191409112673e+01
-2.499997552148637325e+01
-7.880532326004467958e-01
-2.499997204738686918e+01
-2.499997184596226063e+01
-2.499996871519194741e+01
-2.499997114885362492e+01
-2.499997320466529871e+01
-2.499997087713059685e+01
-2.499996470235310753e+01
-2.499997876955712783e+01
-2.499996326040412598e+01
-2.499995732668235959e+01
-2.499995189936420914e+01
-2.499997161279104674e+01
-2.499995637161330819e+01
-2.499997066518618638e+01
-2.499996995298975477e+01
-2.499995633339726098e+01
-2.499994961649418457e+01
-2.499996591404204338e+01
-2.499992955581245724e+01
-1.394052209239872386e+00
-4.699761499211864146e-01
-2.499975956608157546e+01
2.811440988105407546e-01
5.338196281543057253e-01
-1.271850821852441804e+00
-1.535991661479060334e-02
-2.499996665071847346e+01
-1.781632743493967608e+00
-7.302424842478683065e-01
-2.499996726909314049e+01
5.609661666051970474e-01
1.594117918260922750e-01
-1.512689691974275163e+00
-2.409353368341636603e+00
-2.499996791632892368e+01
-1.406555187501699611e-01
-2.499996976731998188e+01
-2.921529995606337304e-01
-7.857814689580281398e-01
-2.499997220044321011e+01
-2.474741916172884082e+00
-2.499997070467820137e+01
-2.499996203794242788e+01
-2.499997236293149072e+01
-2.499997015082789886e+01
-2.499997036717499554e+01
-2.499996059556188399e+01
-2.499996011294441800e+01
-2.499997026688217616e+01
-2.499996244805956991e+01
-2.499996702773356816e+01
-2.499995898503861014e+01
-2.499996551708297332e+01
-2.499996541461894140e+01
-2.499996937104712558e+01
-2.499996764022798246e+01
-2.499996596337305377e+01
-2.499996734504417617e+01
-2.499996543465278620e+01
-2.499994390654317655e+01
-2.499995340471468097e+01
-2.499995127559535746e+01
-2.499995925113388395e+01
-2.499996711891507317e+01
-2.499996730051521254e+01
-2.499996521613508804e+01
-2.499994388378289045e+01
-4.584569351698446482e+00
-2.499996209205642828e+01
-2.499996410709631078e+01
-2.499996668868633520e+01
-2.499996036568950686e+01
-9.920100570804791795e-01
6.891054529366807957e-01
-2.499996775700838469e+01
-2.499995610259944812e+01
-2.499994445244592001e+01
-2.499996581761018177e+01
-2.499996104643524930e+01
-2.499995850887012949e+01
-4.256707978513314394e+00
-2.499996723362247408e+01
-2.499994760448773690e+01
-2.499993282046328602e+01
-2.499993491679918023e+01
-2.499994867310048363e+01
-2.499995317004355044e+01
-1.081558635959548376e+00
-1.449544885787805493e+00
-2.499996086465255019e+01
-2.499988236289680188e+01
-2.499995387042633155e+01
-2.499994268457917457e+01
-2.499994191773351560e+01
4.735985693500886495e-01
9.627128743382288301e-01
-2.499992596561611791e+01
9.548503074508003508e-01
4.265201050247285908e-01
1.587640159276350327e-01
5.166659688182466681e-01
8.091535898909972824e-01
5.200724831554892624e-01
-2.248634061696011821e-01
-2.499995870604766424e+01
-1.467141038387689056e+00
-2.499995395533880682e+01
-1.354498726257838737e+00
-2.499992351365855825e+01
-2.499994513605726709e+01
-2.499994776227461202e+01
-2.499996274764244220e+01
-2.499994041306648995e+01
-2.499992043137323350e+01
-2.499991807827211687e+01
-2.499989605149394478e+01
-2.499994280107901545e+01
-2.499995074293800101e+01
-2.499992566033351693e+01
-2.499995322471799852e+01
-2.499978612996134331e+01
6.838400220727358647e-02
-2.497672324827162882e+01
-7.337272520971613310e-02
5.957649395548904048e-01
-7.400940947930428893e-02
-1.289480884409150763e+00
-2.499986632605696713e+01
-1.745097851693308666e+00
4.731610391922368847e-02
2.998959415886544022e-01
-2.499976621813864952e+01
-2.499994883266360901e+01
-2.499992299377736060e+01
-2.499992768973721624e+01
-1.551126583467103526e+00
2.916675884038503336e-02
-2.373797837545397194e+00
-1.909874420772723180e+00
-2.499994911110639251e+01
-2.499979389222446713e+01
-2.499992806953267888e+01
-2.499995313263907093e+01
-2.350424295786197160e+00
-2.499995616800600473e+01
-2.499996686467949303e+01
-2.499996359588021733e+01
-2.499996293789673629e+01
-2.499996050605632192e+01
-2.499995714469628183e+01
-2.499997167109337326e+01
2.519337912046853804e-03
-2.499993045366074185e+01
-1.414553832355994523e+00
-2.499995889585663633e+01
-2.499995988671271618e+01
-2.499996815156220364e+01
-2.499996535956929478e+01
-2.499996229299210171e+01
-2.499996435444057141e+01
-2.499996542163412983e+01
-2.499996743254988729e+01
-2.499995746138840147e+01
-2.499996848194241394e+01
-2.499996686289342662e+01
-2.499996869358468032e+01
-2.499996813882498259e+01
-2.499996587532185544e+01
-2.499996274091440185e+01
-2.499996332278936251e+01
-2.499995918964229702e+01
-2.499990693148977527e+01
-2.499997008834770540e+01
-2.128368700172011962e+00
-2.298715370025511184e+00
-2.499983327639866104e+01
-1.384575324711061484e+00
8.382590791365720495e-01
-2.499996314734589120e+01
-2.499995478298988516e+01
1.088094931574820956e+00
-2.499996738808210850e+01
-2.499996501679105876e+01
-2.499996372643601816e+01
-2.499996537983220790e+01
-2.499996550507113824e+01
-2.499996579151122233e+01
-2.499995427324177300e+01
-2.499995810574899480e+01
-2.499996082809778386e+01
-2.499996238190154685e+01
-2.499994760870669452e+01
-2.499994404040171148e+01
-2.499995209754503023e+01
-2.499996423403630885e+01
-2.499995623547278711e+01
-2.499996108851233245e+01
-2.499996372765406960e+01
-2.499995945362987726e+01
-2.408648404067683657e+00
-2.499996285115891581e+01
-2.499995555574370343e+01
-2.499996858491432761e+01
-2.499996564443435432e+01
-2.499995215509526503e+01
-2.499995529870869859e+01
-2.499995889327353282e+01
-2.499996604546758050e+01
-2.499994258997289620e+01
-2.499996105413261205e+01
-2.499996948854093404e+01
-2.499995091563906158e+01
-2.499996029320105961e+01
-2.499996855054485678e+01
-2.499996245935810180e+01
-2.499996760042790100e+01
-2.499996150137501516e+01
-2.499996161850839016e+01
-2.499995373539539045e+01
-2.499995980301895315e+01
-2.499996097286283003e+01
-2.499996562755756102e+01
-2.499995032642199178e+01
-2.499996064787180572e+01
-2.499996579311145695e+01
-2.499995895851940375e+01
-2.499996505224583743e+01
-2.499996778240991091e+01
-2.499996214597046418e+01
-2.499994956974114046e+01
-2.499996072721641482e+01
-2.499996414642851761e+01
-2.499995530478723182e+01
-2.499996848594211585e+01
-2.499996043644280874e+01
-2.499996597083150363e+01
-2.499995969440151811e+01
-2.499996389141499975e+01
-2.499994896521118193e+01
-2.499996411924499995e+01
-2.499996364840733420e+01
-2.499995839572585155e+01
-2.499995570302732162e+01
-2.499995384197626436e+01
-2.499995785521447900e+01
-2.499995990387101585e+01
-2.499995632723255312e+01
-2.496780291769647775e+01
-2.499995241097713006e+01
-2.499994619616057889e+01
-2.499995983135605826e+01
-2.499992363711224641e+01
-2.499994397591805040e+01
-2.499995566762458310e+01
-2.499996367965482591e+01
-2.499996721971574232e+01
-2.499995756612360509e+01
-2.499996728604795138e+01
-2.499994611835352742e+01
-2.499995895981080096e+01
-2.499995377381139505e+01
-2.499994608489978276e+01
-2.499995776490836619e+01
-2.499996172906844549e+01
-6.135112642698571150e+00
-2.499995836665818771e+01
-2.499992463281601118e+01
-2.499995773657327547e+01
-2.499990960789703109e+01
-2.499996508159970077e+01
9.912352232130328122e-01
1.081260129937174685e+00
1.064308631488559698e+00
1.221732474315400524e-01
1.004670559228380444e+00
-8.084534423335972164e+00
8.530916090401310381e-01
1.655124270378232620e-01
3.412335955474453675e-01
4.604387811324133217e-01
1.426834221556115834e-01
-5.113259169256207937e-01
-2.499989396222322213e+01
-2.499989479896466804e+01
3.466422408055417487e-02
4.249130000370444082e-01
-2.499992490624502395e+01
-2.499995672785926359e+01
-1.173079340455220221e+00
-2.499994150141360905e+01
6.487679671560543371e-01
-2.499995076640033886e+01
-4.570687691250302498e-02
-2.499995252609133090e+01
6.507632357501906828e-01
-3.640101284306741791e-02
-2.499994363179417434e+01
4.607518890753087848e-01
-2.499996185696986117e+01
-2.499995076207609657e+01
9.566941150280918738e-01
-3.217826522560705005e-01
6.443435339939033168e-01
1.096368077438481636e+00
1.203033834901511057e+00
8.803451174306566873e-01
1.585847106408584950e-01
5.290314749850294485e-01
-3.718462784189463521e-01
-7.796780745080745811e-01
2.115768811079032918e-01
4.242158294554260189e-01
-1.589866953164987384e+00
-7.972942300231853352e-01
9.230483225386514334e-01
3.599256669939309150e-01
1.011388373567736920e+00
8.837298212824267196e-01
7.581307380796691309e-01
-2.499984724177845763e+01
1.853976921521641175e-01
-2.499993859942763308e+01
-2.499983779581597432e+01
6.761084349192277854e-01
-9.947124065771408841e-01
-3.550670066426092064e-01
-2.499992686394297436e+01
-2.499974620284793758e+01
-4.021521591445392785e-01
2.545434864335492375e-01
9.199818009555655873e-01
6.432300685681291430e-01
-2.407967393471968087e+00
8.110028781305628209e-01
7.058708720183382024e-01
-2.499996186848458635e+01
-2.499996380445310606e+01
-2.499995894938088270e+01
-2.499996438304906121e+01
-2.499995955152987648e+01
-2.499995730744360856e+01
-2.499996554120400205e+01
-2.138041894724531655e+00
-2.499996540836941250e+01
-1.232789871320004726e-01
-5.201433674279081210e-01
1.463921434150771694e-01
-1.012164645178782463e+00
1.029189853829217460e+00
-2.499981912985806076e+01
-2.499989366505263888e+01
-2.499991861255928782e+01
2.999705178191173216e-01
-2.499994784508175627e+01
-2.499994246848009993e+01
-2.435053417605717474e+00
-2.499991189283888104e+01
-1.179677746674653749e+00
-2.499988239926079103e+01
-3.672161862075434269e-01
-2.499993128462375580e+01
-2.499993986740290097e+01
-2.499990725674178904e+01
-2.499990757480347980e+01
5.157253347260004617e-02
-1.869535618404566391e+00
5.055478001810982391e-01
-2.499994769485171275e+01
8.843303362911297816e-01
2.438730644773376977e-01
3.701979088724305367e-01
-2.499995504670163626e+01
-2.499988394958702287e+01
-2.499995508590172477e+01
-2.499977246844261103e+01
-2.499994321541452535e+01
-2.499978260164775534e+01
7.363995089334001154e-01
-2.499994114334769080e+01
-2.499989843393517930e+01
-2.499995565252559615e+01
-5.666643579766488248e-01
-2.499996150064221112e+01
-2.499995708013445395e+01
-2.499995446967292168e+01
-2.499995769826264080e+01
-2.499996070769511647e+01
5.016874881042129308e-01
-2.499990142334016241e+01
2.044567612301405046e-01
-2.499991665986681966e+01
-2.499991874620165433e+01
-5.819508354705696940e-01
8.274385802094175180e-01
-2.499996402722720390e+01
-2.499995962436411290e+01
-2.499991278609418899e+01
-2.499991525074660359e+01
-2.499995044032040425e+01
1.542229434636555263e+00
-2.499992706770708395e+01
-9.407975619098903897e-01
-2.499991109293950586e+01
-2.499982569409932509e+01
-4.426521012664649257e-01
1.422466954863657873e-01
9.258245498338139035e-01
9.587857786532930637e-01
9.958216561812713863e-01
-4.249340967123831081e-02
-1.433616419816470477e+00
9.098353189545616004e-01
-8.020892656458830094e-01
1.448973977918295852e-01
-2.022967234692435223e+00
-4.029601042293833729e-02
2.146590889432812843e-01
1.079277419359188528e+00
1.079229968309799448e+00
1.069827127860823568e+00
-2.499995215746913502e+01
-2.499994081969786563e+01
-2.499995765501315148e+01
-2.499993916588164922e+01
-2.499995998541109543e+01
-2.499996744823623729e+01
-3.364233961096183001e-01
-2.499995196795260810e+01
-1.852491450186624644e-01
-7.818743621796364618e-01
-1.581178781245434761e-02
-6.534945115388819496e-03
-2.689995415541158730e-01
9.044206235681636619e-01
1.200762841405214887e-01
3.890286903360851145e-01
-7.792793240165628299e-02
-2.499994576237764221e+01
-1.938925731121791340e+00
-5.155691336928595048e-01
8.752115760529305399e-01
-2.499980557834208739e+01
-1.543929880830090529e+00
1.087009127061802083e+00
8.321901291380241483e-01
-2.499994550038710628e+01
-2.499996495701521582e+01
-2.499996031219685833e+01
-2.499996846422723351e+01
-2.499996286349284347e+01
-2.499996977712237722e+01
-2.499997163010649004e+01
-2.499996492008045834e+01
-2.499996673453603790e+01
2.196501273637006812e-01
-6.937539284510120474e+00
7.458013230621952649e-01
6.179235949816530571e-01
-1.821072007014020944e+00
6.253640925416993346e-01
-1.681097835629848714e+00
5.896062204532881434e-01
4.236811812997903215e-01
-2.499983281219398279e+01
-2.499994164973162469e+01
-2.499993569668119164e+01
1.013820129520679902e+00
-2.499995176942064390e+01
-2.499994709177993713e+01
-2.499993815879605918e+01
-2.499993810439152497e+01
-2.499995279975363616e+01
-2.499995485292728858e+01
-2.499994226273967612e+01
-2.499994808722444617e+01
-2.499995871196724906e+01
-2.499992863147797806e+01
-2.499995341799826321e+01
-2.499993904442919757e+01
-2.499995174308604007e+01
-2.499993785315679418e+01
-2.499995864265568102e+01
-2.499994765542418662e+01
-2.499994222886976303e+01
-2.499995326000511753e+01
-2.499995490485059335e+01
-2.499995753570890855e+01
-2.499995109674565441e+01
-2.499994268229980321e+01
-2.499994597661936169e+01
-2.499995981696519465e+01
-2.499994639669935736e+01
-2.499995751459005433e+01
-2.499995511993155262e+01
-2.499995759163277498e+01
-2.499994833228799962e+01
-2.499995578660512408e+01
-2.499993713028845477e+01
-2.499995188568119886e+01
-2.499995262311204414e+01
-2.499994167695368574e+01
-2.499993935223710295e+01
-2.499994659161266952e+01
-2.499995919954907464e+01
-2.499994475111668280e+01
-2.499994081473555241e+01
-2.499992796370156967e+01
-2.499993845144205551e+01
-2.499994723688234899e+01
9.477978336527236314e-01
-2.499995298803106181e+01
-2.499994361463474490e+01
-2.499993888476709714e+01
-2.499993827974825678e+01
-2.499993498897602962e+01
-2.499994341928597308e+01
-2.499993546899332131e+01
-2.499993117145735511e+01
-1.668603121937679123e+00
-2.499994320292596228e+01
-2.499995225379294439e+01
-2.499994517688959306e+01
-2.499993398093072727e+01
-2.499994014447176482e+01
-2.499994893088217651e+01
-2.499994105503852637e+01
-2.499994020846485299e+01
-2.499994055140273019e+01
-2.499993988059828354e+01
-2.499993797722230582e+01
-2.499991421904620381e+01
-2.499993683915685594e+01
-2.499994163783431844e+01
-2.499989351308239094e+01
-2.499991673318932328e+01
-2.499992472848288116e+01
-2.499990623742959173e+01
-2.499993679716848050e+01
-2.499991883039803753e+01
-2.499992967205735184e+01
-2.499994584266343622e+01
-2.499995405533914195e+01
-2.499994465541822919e+01
-2.499993684305501773e+01
-2.499993127099695656e+01
-2.499993185927542427e+01
-2.499991487516261657e+01
-2.499993509085139465e+01
-2.499991722087050761e+01
-2.499993864318465597e+01
-2.499994221801877003e+01
-2.499994217082099723e+01
-2.499990504274355274e+01
-2.499990518424820962e+01
-2.499990643426267312e+01
-2.499993792253762237e+01
-2.499993497198792980e+01
-2.499993955409758684e+01
-2.499993792042685570e+01
-2.499994493607696810e+01
-2.499994532935525982e+01
-2.499994593226836770e+01
-2.499994247820815119e+01
-2.499994253965073554e+01
-2.499994027312790834e+01
-2.499992859927399991e+01
-2.499990879601972438e+01
-2.499992499795123280e+01
-2.499987990556111583e+01
-2.499987226452429923e+01
-2.499993126124147125e+01
-7.575704781252128317e-01
-9.633888307083461333e-01
6.141012531620401171e-01
-2.499993983867052094e+01
5.920647864318649978e-01
-3.088373948136061697e-01
2.371321015894402306e-01
-2.499996361367526987e+01
-2.499995700937943965e+01
7.220935019788707887e-01
6.236601786802233871e-01
-2.499994346724352212e+01
2.775103637050149730e-01
3.162939052448635047e-01
-2.499996060693533551e+01
-2.499994145014220592e+01
-2.499992799219978679e+01
-2.499994476808987542e+01
-2.499994884512524962e+01
-2.499991334065459370e+01
-2.499993903874863577e+01
-2.499996506714177968e+01
-2.499997063816062592e+01
-2.499996613016141112e+01
-2.499995063879660506e+01
-2.499996657008648526e+01
1.757064351079689613e-01
-2.499988804489879612e+01
-2.499993846187378921e+01
-2.499994470516239531e+01
-2.499994692601055490e+01
-2.463534049169762985e-01
-9.761090893700824500e-01
-2.499994913820628284e+01
9.680983268345502712e-02
-4.225467281857177571e-01
-2.346675029201638285e+00
-2.499988736500144526e+01
-4.140239254958387183e-01
-2.499991190267064667e+01
-2.499990240421053755e+01
-2.499993192522642360e+01
-3.095339738842567412e-01
-2.499993063309397101e+01
-2.499995520198215715e+01
-2.499994660870760654e+01
-2.499995269847671153e+01
-2.499993767922042665e+01
-2.499995353682971810e+01
-2.499996344218305211e+01
-2.499994370949878686e+01
-2.499994842359265235e+01
-2.499995845137088324e+01
-2.499994949335168215e+01
-2.499995121307449608e+01
-2.499996194470752897e+01
-2.499994602706667024e+01
-2.499995695919992755e+01
-2.499995362071161864e+01
-2.499995182494956225e+01
-2.499995562534115123e+01
-2.499995040980816796e+01
-2.499995660787121921e+01
-2.499995122760006794e+01
-2.499994767079080304e+01
-2.499995333766678840e+01
-2.499996394952290402e+01
-2.499995978842828848e+01
-2.499995310639666002e+01
-2.499995530502324925e+01
-2.499995155384890211e+01
-2.499995383186269393e+01
-2.499995777723708201e+01
-2.499996054093400488e+01
-2.499995797642723261e+01
-2.499996246484341356e+01
-2.499996231597615548e+01
-2.499996273099939614e+01
-2.499995800312052197e+01
-2.499996133496986062e+01
-2.499996393046508203e+01
-2.499996479038512831e+01
-2.499996247853494680e+01
-2.499996090176644969e+01
-2.499995983970287128e+01
-2.499995978574544964e+01
-2.499994511663740226e+01
-2.499996429287659083e+01
-2.499996332459565451e+01
-2.499996320207703704e+01
-2.499995790230526183e+01
-2.499996077454329679e+01
-2.499994819622694564e+01
-2.499996154886994404e+01
-2.499994767833586806e+01
-2.499992959544845661e+01
-2.499994046231952893e+01
-2.499993889416782977e+01
-2.499994410353164298e+01
-2.499995078844722940e+01
-2.499994435614375021e+01
-2.499995656460089322e+01
-2.499995116575097853e+01
-2.499992022966938521e+01
-8.568847198329111459e-01
-2.499993875803793486e+01
-2.499994930251805059e+01
-2.499993464490482964e+01
-2.499994860358268767e+01
-2.499992669206751117e+01
-2.499994374622340843e+01
-2.499994855555991791e+01
-2.499992906961168870e+01
-2.499994652332524581e+01
-2.499993619784896026e+01
-2.499996227044315944e+01
1.151115864424238910e-01
6.090880693385690714e-01
-2.499995572371907926e+01
-2.499992433157732918e+01
-2.499992800996064801e+01
-2.499995711765734185e+01
-2.499996941251011151e+01
-2.499996070089052225e+01
-2.499995941726663062e+01
-2.499996520009974788e+01
-2.499995902680720761e+01
-2.499996336314714540e+01
-2.499996211182210715e+01
-2.499995922859224606e+01
-2.499992499359345999e+01
1.941265056496243591e-01
-4.678016837926408655e+00
-3.921493473753902004e-01
4.280609418935216182e-01
6.783660735794916352e-01
3.893812661293198918e-01
4.269911799263634289e-01
-5.044355466042254044e-01
9.268149007611128365e-01
7.436945294987781230e-01
4.191643861133382415e-02
8.951524450286280077e-01
3.371439006101931146e-01
7.765914815868504295e-01
-6.508268811590133041e+00
-1.660610339765342669e+00
2.165694500960646529e-01
-1.648936498562013409e+00
-1.898708417495934553e-01
-1.001228422551430297e+00
-4.040617431561918660e-01
1.263118139989149125e+00
4.260256691867043699e-01
-9.113743437423782456e-02
2.973547453279367092e-01
4.143216906424281865e-01
4.229250062537296406e-01
5.243101646886810796e-01
6.397517514933419580e-01
-1.876152971401619851e+00
6.342052464479985829e-02
-1.848504013126839873e-01
5.583665650641049805e-01
-1.826130916738603616e-01
1.571519613843987834e-02
-2.116087121211887023e+00
6.624836487738404722e-01
1.066163205624949928e+00
-4.411045484741817013e+00
-2.543450857436296841e-01
-2.898303595438606606e-01
7.511316712576625310e-02
4.671497297701490692e-01
8.600435425651209442e-01
-2.499990918928624595e+01
-1.700361512108309991e+00
3.813104605342095693e-02
-3.726168293483698157e+00
-1.205147115631287208e-01
-2.499993517054074488e+01
-2.499990459026087208e+01
1.277958427135479136e+00
1.818675130083654556e-01
5.023041433085447816e-01
-2.499993131042796080e+01
2.282503034885174087e-01
1.057710563064970355e+00
-2.499994136797239719e+01
-2.499992802235144751e+01
-2.499993916021744056e+01
-2.499994567817538638e+01
-2.499993280279480246e+01
-2.499994460195560464e+01
4.111397963539432654e-01
-9.495801352631776382e-01
4.698944001514745450e-01
1.177190117104791323e-01
-3.269026028978048171e+00
1.177985599957539931e+00
-2.499990484519779699e+01
1.015386353456987134e+00
-3.702186509804299419e+00
-7.749302642615532477e+00
-2.499995035535351207e+01
-2.499992493588188225e+01
-2.499992933642996462e+01
-2.499992388471889626e+01
3.440083676995901452e-01
3.359169883648149835e-01
-2.499990949549721364e+01
-2.499994980479888085e+01
5.162761136716917942e-01
4.379157886443981740e-01
7.888420022940403342e-01
5.406933867735244093e-01
-5.294820646728317648e-01
-1.641361015876553697e+00
-1.706022438233298910e-01
8.751977013242291381e-01
-6.082191435826998088e-02
4.390627097662674894e-01
-2.473741385192770093e+00
4.178084110344820745e-01
-2.279613346383987160e+00
6.360834095069562988e-01
6.947186869158578082e-01
1.243757217210302413e+00
-7.996267476660434692e-01
2.914074003052021244e-01
4.085250873204269162e-01
-2.274221906996262366e+00
3.367375644765860931e-01
5.954301040770718645e-01
-2.339508698183023760e-01
3.729423132058459767e-01
-1.555154644875783365e+00
6.109138956591566583e-01
4.278583833340837694e-01
4.885555660292390523e-01
-1.383846951999314179e+00
3.851311296472866852e-01
-1.751040548255485274e-01
5.551381728438669061e-01
1.267294400597908099e+00
-2.408068506519416840e-01
-1.470681115807740635e+00
-3.443490511415760125e+00
3.068373798068080305e-01
-7.283249069398129993e-01
-3.050901337687507708e-01
-6.163325869066549334e-01
-2.499979909514423326e+01
-2.499992358190936415e+01
