-2.500000000000000000e+01
-2.500000000000000000e+01
-2.500000000000000000e+01
-2.500000000000000000e+01
-2.500000000000000000e+01
-2.500000000000000000e+01
-2.500000000000000000e+01
-2.500000000000000000e+01
-2.500000000000000000e+01
-2.500000000000000000e+01
-2.500000000000000000e+01
-2.500000000000000000e+01
-2.500000000000000000e+01
-2.500000000000000000e+01
-2.500000000000000000e+01
-2.500000000000000000e+01
-2.500000000000000000e+01
-2.500000000000000000e+01
-2.500000000000000000e+01
-2.500000000000000000e+01
-2.500000000000000000e+01
-2.500000000000000000e+01
-2.500000000000000000e+01
-2.500000000000000000e+01
-2.500000000000000000e+01
-2.500000000000000000e+01
-2.500000000000000000e+01
-2.500000000000000000e+01
-2.500000000000000000e+01
-2.500000000000000000e+01
-2.500000000000000000e+01
-2.500000000000000000e+01
-2.500000000000000000e+01
-2.499998658517262484e+01
-2.499998179933965758e+01
-2.500000000000000000e+01
-2.499997752631531256e+01
-2.499998381243405987e+01
-2.500000000000000000e+01
-2.500000000000000000e+01
-2.500000000000000000e+01
-2.500000000000000000e+01
-2.500000000000000000e+01
-2.500000000000000000e+01
-2.500000000000000000e+01
-2.500000000000000000e+01
-2.499998835004886644e+01
-2.500000000000000000e+01
-2.500000000000000000e+01
-2.500000000000000000e+01
-2.500000000000000000e+01
-2.500000000000000000e+01
-2.500000000000000000e+01
-2.500000000000000000e+01
-2.500000000000000000e+01
-2.500000000000000000e+01
-2.499998601098391759e+01
-2.500000000000000000e+01
-2.499998390996674402e+01
-2.500000000000000000e+01
-2.499998230370911045e+01
-2.500000000000000000e+01
-2.500000000000000000e+01
-2.499997990787429814e+01
-2.499998601700851353e+01
-2.499998385902938480e+01
-2.499998606653944577e+01
-2.500000000000000000e+01
-2.499997896406571485e+01
-2.499998361776369649e+01
-2.499998145682150863e+01
-2.499998339144255866e+01
-2.499997939746189246e+01
-2.499998046833101384e+01
-2.500000000000000000e+01
-2.499997805353364555e+01
-2.500000000000000000e+01
-2.499998050640643754e+01
-2.499997880159779484e+01
-2.499997907109521122e+01
-2.499998008093862367e+01
-2.499998569033870410e+01
-2.499997911214811452e+01
-2.499998144689326907e+01
-2.499998028718099974e+01
-2.499998313110114623e+01
-2.499998112046676368e+01
-2.499998051798666765e+01
-2.499998096249650814e+01
-2.499997652251407132e+01
-2.499997872546664368e+01
-2.499998352741456031e+01
-2.499998123993108834e+01
-2.499998043258622715e+01
-2.499997910456371386e+01
-2.499997931162061349e+01
-2.499997861142839639e+01
-2.499998053473909465e+01
-2.499998441590525999e+01
-2.499997768202187487e+01
-2.499998124405653854e+01
-2.499997559272778602e+01
-2.499997643209078291e+01
-2.499997947112801810e+01
-2.499997855443435668e+01
-2.499998041451557285e+01
-2.499998062933078202e+01
-2.499997812603537639e+01
-2.499997806349194462e+01
-2.499997639492302781e+01
-2.499997696380503243e+01
-2.499997330997792488e+01
-2.499997592762253618e+01
-2.499998005846881455e+01
-2.499997911080958346e+01
-2.499997529760927861e+01
-2.499997396192853927e+01
-2.499997507563054455e+01
-2.499996909967905978e+01
-2.499996975989186154e+01
-2.499997571816533792e+01
-2.499997757152374689e+01
-2.499997630863970244e+01
-2.499997285379384238e+01
-2.499997065449681344e+01
-2.499997779428598932e+01
-2.499997589668920739e+01
-2.499997782847329830e+01
-2.499996926177613688e+01
-2.499998078958608971e+01
-2.499997120722456501e+01
-2.499996851209164106e+01
-2.499997999722079456e+01
-2.499997310960301178e+01
-2.499997292622352774e+01
-2.499997217992716259e+01
-2.499997872271828214e+01
-2.499997466803140611e+01
-2.499996473285717613e+01
-2.499997355447031211e+01
-2.499996913689702893e+01
-2.499997278345858120e+01
-2.499996635357001651e+01
-2.499997269006852108e+01
-2.499997446439626714e+01
-2.499996884770919436e+01
-2.499996631981631978e+01
-2.499997085986372269e+01
-2.499996714271405196e+01
-2.499996765808786137e+01
-2.499996843510962208e+01
-2.499996867801247191e+01
-2.499997373330565864e+01
-2.499996502746857630e+01
-2.499997592770505861e+01
-2.499996422030435994e+01
-2.499997185044318826e+01
-2.499996737596970320e+01
-2.499997607679189926e+01
-2.499997033944346825e+01
-2.499996198375318812e+01
-2.499997258290433422e+01
-2.499997669473295758e+01
-2.499996856961929126e+01
-2.499996595271190358e+01
-2.499996572279714968e+01
-2.499997553786053217e+01
-2.499996764749928246e+01
-2.499996703029101397e+01
-2.499996616843078101e+01
-2.499996290922093678e+01
-2.499996738774374450e+01
-2.499997263039581341e+01
-2.499996309177335618e+01
-2.499996673510084833e+01
-2.499996286659220246e+01
-2.499996859730173071e+01
-2.499997029212522293e+01
-2.499997462286571448e+01
-2.499996406222022571e+01
-2.499996907995379658e+01
-2.499997652267496662e+01
-2.499996645230580583e+01
-2.499996380617598035e+01
-2.499997088042657012e+01
-2.499996496741412955e+01
-2.499997071300457563e+01
-2.499996786088500045e+01
-2.499997376965490758e+01
-2.499996321375306252e+01
-2.499996537470914504e+01
-2.499996864499251359e+01
-2.499997269518613408e+01
-2.499996750493938791e+01
-2.499996838744842265e+01
-2.499996276067834700e+01
-2.499996560399819145e+01
-2.499996869480612105e+01
-2.499996958147612602e+01
-2.499996843495042498e+01
-2.499996849875380889e+01
-2.499996947226555477e+01
-2.499997037752713069e+01
-2.499996702156749251e+01
-2.499997397401883603e+01
-2.499996368314710793e+01
-2.499996180900114595e+01
-2.499997266343346070e+01
-2.499996106611177282e+01
-2.499997018190496334e+01
-2.499996880375956465e+01
-2.499997019282947264e+01
-2.499996488600324085e+01
-2.499995890507931762e+01
-2.499996771115104366e+01
-2.499996508735139145e+01
-2.499996267421609630e+01
-2.499995878495627721e+01
-2.499996838588207027e+01
-2.499997110261914557e+01
-2.499996605483396905e+01
-2.499996876038838423e+01
-2.499996804773517312e+01
-2.499996589682429970e+01
-2.499996998322293251e+01
-2.499996491492356299e+01
-2.499996201288282194e+01
-2.499996667961104180e+01
-2.499997355517739450e+01
-2.499996245477949941e+01
-2.499996363557496082e+01
-2.499996236267528360e+01
-2.499996840277295007e+01
-2.499996072062712926e+01
-2.499996157625760773e+01
-2.499997004286159097e+01
-2.499995882485491450e+01
-2.499996732758368623e+01
-2.499995869413275784e+01
-2.499997078409474938e+01
-2.499996846512752668e+01
-2.499996971820623770e+01
-2.499995842267822610e+01
-2.499996105882213371e+01
-2.499997066744173324e+01
-2.499995818032203942e+01
-2.499996329679458285e+01
-2.499996718975486232e+01
-2.499996312486816663e+01
-2.499996056688643620e+01
-2.499996531766063157e+01
-2.499996823831640924e+01
-2.499996407905505080e+01
-2.499996793434252496e+01
-2.499996667968759212e+01
-2.499997175537227889e+01
-2.499996637503562980e+01
-2.499996474749597297e+01
-2.499997081416125866e+01
-2.499996375443271290e+01
-2.499996884726740021e+01
-2.499996489134650091e+01
-2.499996372236228837e+01
-2.499996671824636607e+01
-2.499996376864664427e+01
-2.499996408002847659e+01
-2.499996767066661718e+01
-2.499996360647808302e+01
-2.499996675575674487e+01
-2.499996704179170592e+01
-2.499996026755042067e+01
-2.499996149024735814e+01
-2.499996257667833532e+01
-2.499996566166421985e+01
-2.499996005071539429e+01
-2.499996122262073328e+01
-2.499996270167964951e+01
-2.499996594050185550e+01
-2.499996827899754948e+01
-2.499996417133886695e+01
-2.499996070717050500e+01
-2.499997070660281651e+01
-2.499996251967214178e+01
-2.499996436723593973e+01
-2.499995274466392914e+01
-2.499996527494065290e+01
-2.499996959450075451e+01
-2.499996059389076564e+01
-2.499996553498925422e+01
-2.499996145597412323e+01
-2.499995989576516919e+01
-2.499996259685879707e+01
-2.499996656915662996e+01
-2.499996330576125914e+01
-2.499996145896216859e+01
-2.499995806954871469e+01
-2.499996085070201701e+01
-2.499996592449678445e+01
-2.499995990239776944e+01
-2.499996273207913333e+01
-2.499995919525786903e+01
-2.499996193688070889e+01
-2.499996376472204318e+01
-2.499996986558590706e+01
-2.499996846798421402e+01
-2.499996547012728954e+01
-2.499995834929543648e+01
-2.499996648177195269e+01
-2.499996587050596020e+01
-2.499995087804774840e+01
-2.499996746276681492e+01
-2.499995889206141797e+01
-2.499995687396218358e+01
-2.499996170917141214e+01
-2.499994603191977305e+01
-2.499995737018698350e+01
-2.499995899693009704e+01
-2.499995534007908304e+01
-2.499996042244059424e+01
-2.499997108699665915e+01
-2.499997129344517077e+01
-2.499996250164567613e+01
-2.499996568671013364e+01
-2.499996136908523781e+01
-2.499996888882159496e+01
-2.499996564612232675e+01
-2.499996063697841464e+01
-2.499995893808590353e+01
-2.499996041552481074e+01
-2.499996049255057073e+01
-2.499996010539538460e+01
-2.499996087875818773e+01
-2.499995579839464810e+01
-2.499996421226792975e+01
-2.499996311689804429e+01
-2.499996256454962307e+01
-2.499995961284758650e+01
-2.499996000947716368e+01
-2.499996662431955130e+01
-2.499996348885501263e+01
-2.499996452727287277e+01
-2.499996356105763340e+01
-2.499996426383724923e+01
-2.499996590660666484e+01
-2.499996412473347718e+01
-2.499995992539355782e+01
-2.499996313194962738e+01
-2.499995870187986569e+01
-2.499996490891624745e+01
-2.499996474167416949e+01
-2.499996635810039791e+01
-2.499996203370050551e+01
-2.499995372376573499e+01
-2.499996653978805483e+01
-2.499995413713148906e+01
-2.499996317240665178e+01
-2.499996487855028704e+01
-2.499995077663835019e+01
-2.499995871693003124e+01
-2.499995802168437109e+01
-2.499996037978158370e+01
-2.499996123139144899e+01
-2.499995489659172421e+01
-2.499994804637240264e+01
-2.499995652281431902e+01
-2.499995267735710769e+01
-2.499996134071665921e+01
-2.499995247827802558e+01
-2.499994148113809800e+01
-2.499995632672578694e+01
-2.499995197517684531e+01
-2.499994740041371344e+01
-2.499995463472119184e+01
-2.499995257944916816e+01
-2.499989673077753949e+01
-2.499994669175060125e+01
-2.499996599869167113e+01
-2.499995310715121377e+01
-2.499996280031458440e+01
-2.499995209132514518e+01
-2.499995932583537339e+01
-2.499992627221285701e+01
-5.242103140078154810e-01
-2.499992188831995676e+01
-2.499993175588164362e+01
-2.499995342152158528e+01
-2.499995139702529201e+01
-2.499996256761188818e+01
-2.499995482378509593e+01
-2.499995169089404357e+01
-2.499996031302310229e+01
-2.499995776025293281e+01
-2.499995716276338342e+01
-2.499995986244607948e+01
-2.499995817544761678e+01
-2.499996216477834565e+01
-2.499996093463072810e+01
-2.499995753555572975e+01
-2.499996304379936163e+01
-2.499995359246264570e+01
-2.499996405815000600e+01
-2.499994767985227639e+01
-2.499995943731351389e+01
-2.499996309265828742e+01
-2.499996146437688793e+01
-2.499995829420235083e+01
-2.499995002450368986e+01
-2.499996122508557050e+01
-2.499996477038206777e+01
-2.499995943166458190e+01
-2.499995327179123095e+01
-2.499995533698055894e+01
-2.499995969311375887e+01
-2.499996412505534593e+01
-2.499995982675693185e+01
-2.499996253190300521e+01
-2.499995878715810349e+01
-2.499995962739790656e+01
-2.499995564469032416e+01
-2.499995319707466379e+01
-2.499995674720393168e+01
-2.499995802538522227e+01
-2.499995820431229987e+01
-2.499995766750478055e+01
-2.499996356263001474e+01
-2.499995667942384614e+01
-2.499995755013136289e+01
-2.499995507656810645e+01
-2.499995694355224884e+01
-2.499995234071717221e+01
-2.499995027578122375e+01
-2.499992879279280444e+01
-2.499994440171774457e+01
-2.499995837888017647e+01
-2.499996029678101550e+01
-2.499995963133446608e+01
-2.499995278052951875e+01
-2.499995377049735268e+01
-2.499994969577943138e+01
-2.499995690406112558e+01
-2.499995717353947100e+01
-2.499995358020238001e+01
-2.499995273160331521e+01
-2.499995875640260223e+01
-2.499994771954221662e+01
-2.499994861017825798e+01
-2.499994910233611023e+01
-2.499994584573950007e+01
-2.499995650744298104e+01
-2.499995425918089609e+01
-2.499995552635575180e+01
-2.499995587272810127e+01
-2.499995156676694208e+01
-2.499995779771215965e+01
-2.499995462400679713e+01
-2.499995102312393058e+01
-2.499995097168321223e+01
-2.499996138793682121e+01
-2.499995511743889409e+01
-2.499996275816345204e+01
-2.499995062836771353e+01
-2.499995791306852766e+01
-2.499995405485633526e+01
-2.499995249867225056e+01
-2.499995280877845261e+01
-2.499995737229778214e+01
-2.499996076655987309e+01
-2.499995408640623040e+01
-2.499995839167550216e+01
-2.499994855100111835e+01
-2.499994684978732806e+01
-2.499996086731251310e+01
-2.499995941821203260e+01
-2.499996000897495918e+01
-2.499995029213614117e+01
-2.499995791738135864e+01
-2.499995006097956463e+01
-2.499995721791426817e+01
-2.499994377153151959e+01
-2.499995279857510866e+01
-2.499994438472638691e+01
-2.499995946282095360e+01
-2.499994377503214693e+01
-2.499995458073846066e+01
-2.499994536661172617e+01
-2.499995513492687493e+01
-2.499995182531315763e+01
-2.499994810951179502e+01
-2.499995263876507323e+01
-2.499995338788203014e+01
-2.499994831965702957e+01
-2.499995401578028975e+01
-2.499995109069152122e+01
-2.499995649321569857e+01
-2.499995923781216334e+01
-2.499995413294590918e+01
-2.499994021738327632e+01
-2.499994760398742955e+01
-2.499995094126001760e+01
-2.499994452029322289e+01
-2.499995158943526263e+01
-2.499994669097673494e+01
-5.430738454124200976e-01
-2.499979720880844170e+01
-2.499994173010801291e+01
-2.499994600200041361e+01
-2.499995592495518437e+01
-2.499994935455710987e+01
-2.499993778388047971e+01
-2.499994888834592999e+01
-2.499995235255474668e+01
-2.499994835326493359e+01
-2.499994853123749294e+01
-2.499994863895366848e+01
-2.499994870438701611e+01
-2.499995383334140087e+01
-2.499995445127240146e+01
-2.499994995382011354e+01
-2.499995504001352487e+01
-2.499995354809039227e+01
-2.499994773548148430e+01
-2.499996020885687642e+01
-2.499994982589465664e+01
-2.499994596227227817e+01
-2.499994356440546284e+01
-2.499994261515690042e+01
-2.499994534215870345e+01
-2.499994127339156691e+01
-2.499995378594729445e+01
-2.499994232302938002e+01
-2.499994344566426463e+01
-2.499995303560449500e+01
-2.499995517484977015e+01
-2.499994967123036105e+01
-2.499994995413660348e+01
-2.499995286636326597e+01
-2.499995464410304891e+01
-2.499995193757237288e+01
-2.499995595156696382e+01
-2.499995364228444217e+01
-2.499995156024987608e+01
-2.499995750954583329e+01
-2.499994777452526051e+01
-2.499994493532336293e+01
-2.499994346910665399e+01
-2.499994916384596877e+01
-2.499994603527741788e+01
-2.499994296140568295e+01
-2.499994753774616996e+01
-2.499995290581568241e+01
-2.499994689891563127e+01
-2.499994206632305804e+01
-2.499994840220275449e+01
-2.499994329782894198e+01
-2.499995408335572478e+01
-2.499994707250274217e+01
-2.499996013471530887e+01
-2.499995758101898247e+01
-2.499995516669355311e+01
-2.499995184982310192e+01
-2.499995516756202463e+01
-2.499995278575341473e+01
-2.499995072003962804e+01
-2.499995070935507258e+01
-2.499994968297836095e+01
-2.499994730266643117e+01
-2.499993962430135497e+01
-2.499996106927896022e+01
-2.499995986028678274e+01
-2.499994227074083497e+01
-2.499995009081352748e+01
-2.499996224661959943e+01
-2.499995361991906151e+01
-2.499995975001077042e+01
-2.499995533019139415e+01
-2.499996438376407326e+01
-2.499995675085225599e+01
-2.499995580310805821e+01
-2.499995448420710531e+01
-2.499994838051462054e+01
-2.499994865368364927e+01
-2.499995658070635329e+01
-2.499995389552986325e+01
-2.499995513017292836e+01
-2.499995528860612382e+01
-2.499995706699768050e+01
-2.499995210408867052e+01
-2.499996065016140179e+01
-2.499996190743384972e+01
-2.499994894893436026e+01
-2.499995735817184084e+01
-2.499995433359066865e+01
-2.499995346448065803e+01
-2.499995458322733910e+01
-2.499994488133729220e+01
-2.499995000455696470e+01
-2.499993059322114419e+01
-2.499995102343400077e+01
-2.499995161329256632e+01
-2.499995223869790806e+01
-2.499994600309981507e+01
-2.499994320959867622e+01
-2.499995123248553952e+01
-2.499994960869259941e+01
-2.499994515629412462e+01
-2.499994716567440989e+01
-2.499995561514093723e+01
-2.499992280410066670e+01
-2.499995656664611943e+01
-2.499994880149273513e+01
-2.499994932529010327e+01
-2.499994678347892219e+01
-2.499995347279230629e+01
-2.499994817091362620e+01
-2.499995403610434153e+01
-2.499994761975602131e+01
-2.499994726811640078e+01
-2.499994491476712710e+01
-2.499994870057041751e+01
-2.499995803287896834e+01
-2.499995522846958096e+01
-2.499995490219153993e+01
-2.499995499005135002e+01
-2.499994248382783368e+01
-2.499995158397603490e+01
-2.499995105418310715e+01
-2.499995625247141362e+01
-2.499994592086613210e+01
-2.499994487023895573e+01
-2.499995178387602479e+01
-2.499995013251341192e+01
-2.499993794927548407e+01
-2.499992832624521455e+01
-2.499995133809565928e+01
-2.499995109834888041e+01
-2.499995477589130743e+01
-2.499995501512032803e+01
-2.499994818443004263e+01
-2.499995506683453783e+01
-2.499995424697015167e+01
-2.499995485082838442e+01
-2.499995139825886525e+01
-2.499994596976073780e+01
-2.499994987556864245e+01
-2.499995731176641911e+01
-2.499995403337660704e+01
-2.499995227808041776e+01
-2.499994949894337637e+01
-2.499995842336790375e+01
-2.499994946460742540e+01
-2.499995271804268526e+01
-2.499993949163331308e+01
-2.499995364072870885e+01
-2.499995065423828677e+01
-2.499995886519154809e+01
-2.499995306580072807e+01
-2.499995365123990254e+01
-2.499995031751126007e+01
-2.499995114669583174e+01
-2.499994870898087385e+01
-2.499995252925581823e+01
-2.499995355499978444e+01
-2.499994433458168785e+01
-2.499994955759293447e+01
-2.499994753637468747e+01
-2.499994627334712405e+01
-2.499994649540034430e+01
-2.499995166987938688e+01
-2.499994581347856837e+01
-2.499995291973282718e+01
-2.499995278790450470e+01
-2.499994423983761749e+01
-2.499994338269782546e+01
-2.499994600948660306e+01
-2.499994097911015700e+01
-2.499993708423864902e+01
-2.499994604397067377e+01
-2.499994550974725627e+01
-2.499994283993786226e+01
-2.499993819788693017e+01
-2.499993908982647994e+01
-2.499994513527683893e+01
-2.499995928409732571e+01
-2.499994555138016850e+01
-2.499995005407721393e+01
-2.499994368952021517e+01
-2.499994894162188785e+01
-2.499994936079205488e+01
-2.499994977671089202e+01
-2.499995889470027421e+01
-2.499995066380747843e+01
-2.499995088904334750e+01
-2.499994891743632408e+01
-2.499995594070458083e+01
-2.499995311111215912e+01
-2.499995163557226974e+01
-2.499995325388258038e+01
-2.499995766675696984e+01
-2.499995466950253231e+01
-2.499994638796622581e+01
-2.499995649304448619e+01
-2.499994799854698613e+01
-2.499995485024532726e+01
-2.499995098963498208e+01
-2.499995696295852454e+01
-2.499993517815095601e+01
-2.499995598763941018e+01
-2.499994150693251171e+01
-2.499993274088074102e+01
-2.499995689025807266e+01
-2.499993784457083024e+01
-2.499994704071962914e+01
-2.499995083072668223e+01
-2.499994578198578310e+01
-2.499995266268862792e+01
-2.499992719824304643e+01
-2.499994576377802957e+01
-2.499994770368746089e+01
-2.499994893615404479e+01
-2.499994567774080423e+01
-2.499994973568020384e+01
-2.499994351528380321e+01
-2.499993039524380478e+01
-2.499994640681450164e+01
-2.499994808601398333e+01
-2.499993893091847497e+01
-2.499993370510573953e+01
-2.499993253469176935e+01
-2.499994847182776425e+01
-2.499993970022959644e+01
-2.499993042951092903e+01
-2.499994629799072499e+01
-2.499994165883955333e+01
-2.499994828935204083e+01
-2.499994575027730193e+01
-2.499993967057633171e+01
-2.499992106096301114e+01
-2.499993639010346058e+01
-2.499995554311977841e+01
-2.499993252224467355e+01
-2.499993751359055238e+01
-2.499993781217207101e+01
-2.499993716414228828e+01
-2.499994817306467354e+01
-2.499992469497680858e+01
-2.499994949929216403e+01
-2.499992909680898023e+01
-2.499995145809541697e+01
-2.499994100252438400e+01
-2.499989580690563429e+01
-2.499993897578942281e+01
-2.499995434136032912e+01
-2.499994849241315364e+01
-2.499994564666341645e+01
-2.499994399219656671e+01
-2.499994025491810845e+01
-2.499984365526852770e+01
-7.956904752925879620e-01
-2.894635064027566984e-01
-2.499993941744283177e+01
-2.499992747942709315e+01
3.149457634217859292e-01
-2.499993624719755658e+01
-2.499994848604065822e+01
-2.499992843766290562e+01
-2.499995316026163295e+01
-2.499994727048868626e+01
-2.499994814982201419e+01
-2.499995114555454023e+01
-2.499994944596856072e+01
-2.499993653513621439e+01
-2.499993865077943767e+01
-2.499992748666195297e+01
-2.499993533490096809e+01
-2.499994095309502740e+01
-2.499993246780112344e+01
-2.499995003815739025e+01
4.587332112821402852e-01
-2.499994930676236393e+01
-2.499993142941358215e+01
2.893254383450988287e-01
2.336552092319510443e-01
-2.499995236650958930e+01
-2.499994994034623375e+01
-9.090810376085668443e-01
-9.335030381770679231e-01
-2.499993597980115823e+01
-2.499995916607514701e+01
1.099966317328924248e-01
-2.499995313277634779e+01
-2.499995071165256633e+01
-2.499995427698843997e+01
-2.499994926700665587e+01
-2.499994880800478825e+01
-2.499995302353004689e+01
-2.499995232422308789e+01
-2.499995147699653586e+01
-2.499990852305348099e+01
-2.499992944776651171e+01
-6.355522712365642146e-01
-2.499991417079306188e+01
-2.499993266259769342e+01
-2.499994999002557705e+01
-2.499992250598796062e+01
-2.499993073079246386e+01
-2.499993705554456014e+01
-2.499995737112702443e+01
-2.499995503709454425e+01
-2.499994938769465591e+01
-2.499994511453217427e+01
-2.499993335101395786e+01
-1.550776302394980544e+00
-4.938079637850507631e-01
-2.499994557413917207e+01
-2.499995621713318528e+01
-2.499993858450815054e+01
-2.499995994711206748e+01
-2.499995877447649306e+01
-2.499995228316621620e+01
-2.499994341274060261e+01
-2.499994940906112362e+01
-2.550200992368146125e+00
-2.499994417909475786e+01
-2.499988400545675304e+01
-2.499995996438447321e+01
-8.741646104585643062e-01
-2.499994098243478291e+01
-2.499995156899760929e+01
-2.499995517766827646e+01
-2.499995688571659258e+01
-5.453749921903584541e-01
-1.507946119680297903e+00
-2.499994432621420515e+01
-2.499995441314090883e+01
-2.499994713185822803e+01
-2.499995541124724951e+01
-2.499994527849060688e+01
-2.499996009334192237e+01
-2.499994411388127702e+01
-2.499995491080241550e+01
-2.499995678123670828e+01
-2.499995376458249652e+01
-2.499994428882592956e+01
-2.499995037822143118e+01
-2.499995259331358710e+01
-2.499995600629606685e+01
-2.499995645919537068e+01
-2.499994260586614558e+01
-2.499994657313326485e+01
-2.499995221253468358e+01
-2.499995028211802861e+01
-2.499994588343820467e+01
-2.499994957749927593e+01
-2.499994472845539306e+01
-2.499994822197523447e+01
-2.499994793443683960e+01
-2.499995461135965158e+01
-2.499994840570926158e+01
-2.499994948901298386e+01
-2.499994509530899478e+01
-2.499994708093104379e+01
-2.499993929905466317e+01
-2.499994756910082927e+01
-2.499994990144973173e+01
-2.499995382969027702e+01
-2.499994813032954610e+01
-2.499994858315172053e+01
-2.499995586758899435e+01
-2.499994352438148937e+01
-2.499993797217222991e+01
-2.499993929208883259e+01
-2.499995508199484817e+01
-2.499994645943946381e+01
-2.499995031376014509e+01
-2.499994745642538518e+01
-2.499994277147582622e+01
-2.499994440888288594e+01
-2.499994822504677217e+01
-2.499994770401500688e+01
-2.499995338613230444e+01
-2.499993734716167637e+01
-2.499994753132560987e+01
-2.499995176966549337e+01
-2.499994735129001455e+01
-2.499994398664766493e+01
-2.499993989171595032e+01
-2.499995327821203972e+01
-2.499992978860775139e+01
-2.499994978352886221e+01
-2.499992454392744889e+01
-2.499990319001481254e+01
-2.499990555003786952e+01
-2.499988800445341752e+01
-2.499992221734208186e+01
-2.499985472371649209e+01
-2.499881178340291754e+01
-2.499988498388553992e+01
-2.499989930847424091e+01
-2.499974202776411403e+01
-1.540969091210722564e+00
-7.603734294718740294e-01
-7.051440121228937929e-01
7.684514016066321673e-01
-1.649627370586983360e-02
9.373523069343072667e-01
8.061494291819979452e-01
2.620546665475166348e-01
3.202267648531771371e-01
7.678142278855493164e-01
-9.853915525007727050e-01
5.677556991382528562e-01
3.395538503698817268e-01
7.385530926553326436e-01
-8.601811322815946514e-01
2.571898350400857458e-01
-1.826694762080286694e+00
-2.516357092144994034e+00
5.026172439836159578e-01
7.490999773962177255e-02
-1.291363451473008350e+00
5.435532234660442885e-01
4.648944714597780248e-01
-4.174074415834858748e-02
1.435864344778673973e-01
2.606149848689672810e-01
-2.760741341320212427e+00
-6.275638878438434265e-01
-9.885091631045817007e-01
5.522632141000168859e-01
-3.260150171402887431e-01
6.585212673452740528e-01
4.250219148088962839e-01
6.943029988249143081e-01
9.693135159014595326e-01
-1.127830645054730407e+00
1.122589096385331553e+00
3.977964258713212464e-02
2.252394265211882518e-01
3.406971789818116769e-01
4.776934536231210449e-01
2.405018050941866714e-01
-1.156999732141563042e+00
-3.801982055146418960e-01
7.175314029187893072e-02
-3.668813899865951411e-01
-9.246152674996888976e+00
-2.318336729959785814e+01
3.831776628241095328e-01
1.106632221763276025e+00
9.197079129098335581e-01
-6.273080086041342707e-01
5.341658044091861512e-01
-1.178350978776478986e+00
4.584784753458572837e-01
5.725928410588118078e-01
3.191274559191444316e-01
-2.728232389858455953e+00
5.334517212879806847e-01
4.632174317463584323e-01
4.299338315976758973e-01
4.286237668968835846e-01
6.725252793290988906e-01
2.159388550659698258e-01
5.615695737950424649e-01
6.620214453967896429e-01
5.349679252677399521e-01
-1.765848154435847167e-02
-9.209518823769602403e-01
1.810418304790131216e-01
6.879723367450137905e-01
2.354337291823976192e-02
6.270478088822222240e-01
1.271310792573291382e+00
3.509219125014258478e-01
-3.158162036489416402e-01
-3.778457252670718858e-01
-2.172237572913641834e+00
4.617566921111593281e-01
-1.837504180347659666e-01
1.764806706513421253e-01
7.764560311677372040e-01
-1.456047082657453640e+00
1.072692541207805661e+00
7.740568868607627939e-01
6.894168765296297963e-01
-2.126519456376153028e-01
8.729190206603398838e-01
1.242110061982538927e+00
7.927760381616496543e-01
3.441491658730447822e-01
3.541811375118185667e-01
9.957406947709174228e-01
7.977670011707300723e-01
4.423019697664606342e-01
1.216251899293782524e+00
1.077696389899052587e+00
1.135330437375604795e+00
9.457166013340903010e-01
5.451022204232087720e-01
1.250940860474010208e+00
