-2.500000000000000000e+01
-2.500000000000000000e+01
-2.500000000000000000e+01
-2.500000000000000000e+01
-2.500000000000000000e+01
-2.500000000000000000e+01
-2.500000000000000000e+01
-2.500000000000000000e+01
-2.500000000000000000e+01
-2.500000000000000000e+01
-2.500000000000000000e+01
-2.500000000000000000e+01
-2.500000000000000000e+01
-2.500000000000000000e+01
-2.500000000000000000e+01
-2.500000000000000000e+01
-2.500000000000000000e+01
-2.500000000000000000e+01
-2.500000000000000000e+01
-2.500000000000000000e+01
-2.500000000000000000e+01
-2.500000000000000000e+01
-2.500000000000000000e+01
-2.500000000000000000e+01
-2.500000000000000000e+01
-2.500000000000000000e+01
-2.500000000000000000e+01
-2.500000000000000000e+01
-2.500000000000000000e+01
-2.500000000000000000e+01
-2.500000000000000000e+01
-2.500000000000000000e+01
-2.500000000000000000e+01
-2.500000000000000000e+01
-2.500000000000000000e+01
-2.500000000000000000e+01
-2.500000000000000000e+01
-2.500000000000000000e+01
-2.500000000000000000e+01
-2.500000000000000000e+01
-2.500000000000000000e+01
-2.500000000000000000e+01
-2.500000000000000000e+01
-2.500000000000000000e+01
-2.500000000000000000e+01
-2.500000000000000000e+01
-2.500000000000000000e+01
-2.500000000000000000e+01
-2.500000000000000000e+01
-2.500000000000000000e+01
-2.500000000000000000e+01
-2.500000000000000000e+01
-2.500000000000000000e+01
-2.500000000000000000e+01
-2.500000000000000000e+01
-2.500000000000000000e+01
-2.500000000000000000e+01
-2.500000000000000000e+01
-2.500000000000000000e+01
-2.500000000000000000e+01
-2.500000000000000000e+01
-2.500000000000000000e+01
-2.500000000000000000e+01
-2.500000000000000000e+01
-2.500000000000000000e+01
-2.500000000000000000e+01
-2.500000000000000000e+01
-2.500000000000000000e+01
-2.500000000000000000e+01
-2.500000000000000000e+01
-2.500000000000000000e+01
-2.500000000000000000e+01
-2.500000000000000000e+01
-2.500000000000000000e+01
-2.500000000000000000e+01
-2.500000000000000000e+01
-2.500000000000000000e+01
-2.500000000000000000e+01
-2.500000000000000000e+01
-2.500000000000000000e+01
-2.500000000000000000e+01
-2.500000000000000000e+01
-2.500000000000000000e+01
-2.500000000000000000e+01
-2.500000000000000000e+01
-2.500000000000000000e+01
-2.500000000000000000e+01
-2.500000000000000000e+01
-2.500000000000000000e+01
-2.500000000000000000e+01
-2.500000000000000000e+01
-2.500000000000000000e+01
-2.500000000000000000e+01
-2.500000000000000000e+01
-2.500000000000000000e+01
-2.500000000000000000e+01
-2.500000000000000000e+01
-2.500000000000000000e+01
-2.500000000000000000e+01
-2.500000000000000000e+01
-2.500000000000000000e+01
-2.500000000000000000e+01
-2.500000000000000000e+01
-2.499998379088707168e+01
-2.499998400238129648e+01
-2.499998561816152431e+01
-2.499998691928277239e+01
-2.500000000000000000e+01
-2.499998991128236980e+01
-2.500000000000000000e+01
-2.499998663572961632e+01
-2.499998622263933967e+01
-2.500000000000000000e+01
-2.500000000000000000e+01
-2.500000000000000000e+01
-2.500000000000000000e+01
-2.500000000000000000e+01
-2.499998719987733153e+01
-2.499998648902622023e+01
-2.500000000000000000e+01
-2.499998272428377888e+01
-2.499998699014269832e+01
-2.499998580310300866e+01
-2.499998309148307385e+01
-2.499997990641835699e+01
-2.499998110885880465e+01
-2.499998243370190565e+01
-2.499997558437000222e+01
-2.499996786593931830e+01
-2.499997426470994100e+01
-2.499997770431033572e+01
-2.499997369121666324e+01
-2.499997180804071562e+01
-2.499997624729649459e+01
-2.499996082808224429e+01
-2.499997594491263797e+01
-2.499997990577341156e+01
-2.499996801704730842e+01
-2.499997893431823925e+01
-2.499996820368981787e+01
-2.499998133656293930e+01
-2.499997617129173122e+01
-2.499997310907751924e+01
-2.499997402078962949e+01
-2.499998048494744296e+01
-2.499997395422318291e+01
-2.499997130177204951e+01
-2.499995292916362288e+01
-2.499997748910336171e+01
-2.499997637196195299e+01
-2.499997107147194342e+01
-2.499994167883761520e+01
-2.499997659981790576e+01
-2.499996861162447104e+01
-2.499997319494489290e+01
-2.499997239471615273e+01
-2.499997345871494048e+01
-2.499996373152259466e+01
-2.499996543989729147e+01
-2.499997719378987782e+01
-2.499997141346243623e+01
-2.499997330799080686e+01
-2.499997365068936617e+01
-2.499997127676158826e+01
-2.499996771739763446e+01
-2.499995508106760411e+01
-2.499997266632410486e+01
-2.499996939904698579e+01
-2.499996657758281771e+01
-2.499996962430515879e+01
-2.499996483697746896e+01
-2.499996748544844394e+01
-2.499994019768578823e+01
-2.499996539921213312e+01
-2.499996958736459618e+01
-2.499994495630778601e+01
-2.499997707027837635e+01
-2.499995885282585206e+01
-2.497479433934048032e+01
-1.379947317782893368e+00
-1.809185094243438985e-01
-6.637032051568791946e-01
-2.499989677739166183e+01
-1.228778124744441147e+00
-3.655732958793452836e-01
-3.777991801667758831e-01
-2.667009593603695272e+00
-1.786101941331942111e+00
-2.013372848323218278e-01
-3.218261059220678622e+00
-7.521374922392272122e-01
-4.266973066939404591e-01
-3.928206611857035790e-01
-9.739624148811936166e-01
4.767240046173699952e-02
-2.904765326819486182e-02
2.468351229446278938e-01
4.343131236442170362e-01
-1.393046822749048674e+00
6.092691800056673074e-02
3.071008208714917087e-01
2.395798056268242937e-01
-1.813185138614422098e-01
-1.357354773416955096e+00
4.507527926084645697e-01
4.123985723362093014e-01
-6.911734035420208366e-02
2.660477845579737322e-01
3.724326377929784160e-01
5.106892031271208499e-01
-1.616288278361888153e-01
3.346878525541139432e-02
-1.312739714640445421e-01
9.011535243829106312e-01
4.972590416800460322e-01
-5.285504381819178255e-01
-4.147734633995446285e-01
9.886687420329778320e-01
8.913189806389245629e-01
1.107874729979691164e+00
-1.673154480107842124e-01
7.439803927611298162e-01
9.090374631714144282e-01
1.131569877516482858e+00
4.178661355416347645e-01
1.116902160876405370e+00
-4.011842733081426582e-01
9.314998917763640529e-01
9.144655094563756137e-01
-1.178663998983698301e-02
1.090026781434149522e-01
8.374253005330366539e-01
4.448764572110562865e-01
8.451491023803878733e-01
1.148526290470133215e+00
3.206753828786740312e-02
4.633849374284588762e-01
9.118592913380852982e-01
-2.499997166242753366e+01
1.041951448693101190e+00
1.590203562695873818e-01
9.569005994683583705e-01
6.651449843364141135e-01
9.160201367601548128e-01
-1.461166748858213849e+00
7.818828717916609383e-01
9.553098943635103257e-01
1.079008564683260118e+00
-2.499994337882654705e+01
9.918647248512069137e-01
1.110891455758559632e+00
9.603711807146911861e-01
1.145524216843283316e+00
9.015153082807015883e-01
-4.561381660324209664e-01
1.028465742737242339e+00
-1.078239310222964153e+00
1.174175760380078426e+00
-1.624649182618654319e-01
1.034748742647056963e+00
-3.398888846157272492e-01
8.836659000063994407e-01
-5.056131678389037543e-01
-9.726905082841879047e-01
-5.474516855595422671e-01
-6.817508298067090911e-01
-3.237906852310865613e+00
-1.064071235398061921e-01
-1.943570833360681149e+00
1.166379323794792144e+00
1.148252425120385833e+00
1.102523368110076341e+00
1.148084523491138320e+00
-1.633593657855169301e+00
1.232224053581603140e+00
-1.796394750170785815e-01
1.023191865883403606e+00
9.357692485992389342e-01
-2.499994542699308298e+01
1.693051711054702202e-01
-6.817617564191005286e+00
2.651946714291960605e-01
-2.398953895297599725e-01
-3.010796531193075110e-01
-8.716428530030292388e-01
6.681288193556904620e-01
6.190360795244493897e-01
-5.571375032902320390e-01
-5.269212613845853932e-01
-1.566469576903832817e+00
2.216080868033704354e-01
-1.687636259145107065e+00
-2.265576606804516335e-01
-2.170028667453336446e-01
7.455579148616445773e-01
-6.312740411627318915e-01
-2.499987513247916837e+01
-2.414854641166735316e+00
-3.556259373306598359e-01
-1.354511188596767335e+00
-2.816818578183918564e+00
9.104325090807856569e-01
-2.499995708321041832e+01
-2.499995152674745924e+01
2.456775335839259389e-01
-2.499992632707034801e+01
-2.499996519517843296e+01
-2.499996612756182657e+01
-2.499997016213906775e+01
-2.499996767751011006e+01
-2.499996361078692786e+01
7.018462336113608924e-01
3.882991857383656931e-01
-1.991606390253082948e+00
7.820178787951995725e-01
3.207992318932274545e-01
5.815162122234249775e-01
7.426661575042053931e-01
-1.878846983815395666e-01
6.174553250584151609e-01
9.265365655991310012e-01
4.840098670747078335e-01
3.391569499174451052e-01
5.373182792400046370e-01
6.979893652087754141e-01
-2.499996443112313926e+01
-2.499995917558731406e+01
1.204729975876333431e-01
-1.478386449763614552e+00
-1.158085080438937986e+00
-4.996621761052034927e+00
9.664985481021325375e-01
1.012759536414441719e+00
6.379827598164983238e-01
7.622040617101744076e-01
-4.183941520174397910e-01
1.041993789602482012e+00
6.476458705535972360e-01
1.073540726284723856e+00
9.373667522929853835e-01
2.563882530736855125e-01
1.139651068149727831e+00
6.545106270628291423e-01
6.555472883067591239e-01
8.334680661269124879e-01
-2.499968095570858750e+01
-1.312533955558866650e+00
-1.236806586279938447e+00
8.540671623173198834e-02
-1.571526937810310554e-01
5.576553093321472421e-01
6.472488194193114497e-01
-7.853092708229514329e-01
-2.354491677396260307e+00
-2.499994965393602087e+01
9.342642160094711823e-01
-8.268064813250873835e-01
-8.580755858598105856e-01
8.815183637313557252e-01
-2.499994696226061919e+01
-2.482806908782971433e+01
-6.808381749307420572e-01
-2.499986095067156811e+01
-1.316723021099676316e+00
-1.866495329548567783e+00
1.055424611217768760e+00
-8.537590609464045244e-01
-2.499987729720316310e+01
9.735877853388460457e-01
1.119593729657258452e+00
-2.499990965405299903e+01
9.326048024183324348e-01
-2.499974956587803021e+01
6.928460264872674523e-01
8.409062633108635998e-01
1.003129585744070962e+00
6.497117080217191809e-01
-2.499989811515201410e+01
-1.075015170878450999e+00
7.809653538309768717e-01
8.898772124526868055e-01
6.542954145715189629e-01
1.091358290282617993e+00
8.671820356178537859e-01
1.442941322799438653e-01
-2.499995320850472424e+01
-2.499992072831596346e+01
-2.499996077564734875e+01
9.338686569998235765e-01
-2.499995414847590069e+01
1.037620476005285175e+00
-2.499991531166369185e+01
-7.954198012955773223e-01
-2.499994439938618740e+01
-2.499995482996881080e+01
-2.499992824839758043e+01
-2.499995564331051057e+01
9.398038304015686739e-01
-2.499987075105186918e+01
-2.499990149400268180e+01
-8.396384659288866348e-03
-3.871964598149387093e+00
1.879875675808260760e-01
-6.267002215893956452e-01
-3.377584696744972970e+00
1.195493545749828357e+00
1.303892545428109617e+00
1.064429960443388001e+00
1.148693996445919074e+00
1.165632275883741187e+00
-2.499992149966712773e+01
1.166681497931181699e+00
8.505847831040187490e-01
-2.245891859052923378e-01
-2.499994922202123604e+01
1.179663879011323413e+00
-3.613163765458999421e+00
1.143471600865316518e+00
1.409862708558090372e+00
1.363340418919367192e+00
9.110389276554604621e-01
7.574135405493762629e-01
-3.640963697244177233e-01
4.437639490397323749e-01
4.226730069168896931e-01
-1.813112660023868283e+00
-2.499993255002971893e+01
5.424994473659058292e-01
1.204365854416786119e+00
9.211588806573960397e-01
-8.530040077742825355e-01
1.252630668246067724e+00
4.909164788570806737e-01
1.853074822460755999e-01
-1.560148495942372149e+00
-6.203389251000276383e-01
2.735892774052242071e-01
7.693651058620533389e-02
-1.267377178001534821e+00
7.070537864968562056e-03
-1.115462759373569701e-01
3.512554863318871623e-02
1.086856806319152768e-01
3.456087134261527360e-01
1.796014441701792863e-01
-2.499996033241310300e+01
-2.499994856660516263e+01
-2.499994777764884901e+01
-2.499995353043012614e+01
-2.499992755760311169e+01
-6.339403560107382596e+00
-2.499993655992006225e+01
-2.499990943450041669e+01
-2.499993120149004966e+01
9.592675490993670673e-01
-2.499987926908096014e+01
3.491095344176666226e-01
6.998068671977806243e-01
8.371984898841432488e-01
-2.499987563614739372e+01
-2.499985970180208383e+01
9.510601214442330198e-01
2.476841522111057903e-01
-2.499984652744010916e+01
-2.499985914084991379e+01
2.718373182144518396e-01
8.605381733799214450e-01
-2.499993525462063459e+01
-2.747394461334928817e+00
-2.499993192146996890e+01
-2.499994217302399235e+01
-2.499993620697438246e+01
-2.499990665501280773e+01
-2.499992324805095834e+01
-2.499995709450350034e+01
-2.499995817118825414e+01
-2.499992292232497704e+01
-2.499995197584119211e+01
-2.499992392268297792e+01
-2.499993150865971714e+01
-2.499993177817372469e+01
1.199991368113873635e+00
1.394539249834383599e+00
-5.459367048437434589e-01
9.881176028884868234e-01
-7.307127198556206960e-01
-2.499994407390990858e+01
-3.515195117360717880e+00
6.977024905658583132e-01
1.293896334986451180e+00
-2.499994570185464937e+01
-2.499995979400787505e+01
1.030262946937205104e+00
-2.499993154334040213e+01
6.351928453255901719e-01
-2.499993429325772709e+01
-1.756684794107097103e+00
-2.499982559294149809e+01
-2.499966172831270228e+01
-2.499995973750397127e+01
-2.499995801796670847e+01
-2.499995224684608530e+01
-2.499994747507017934e+01
-2.499991848140749084e+01
9.407937700125966751e-01
-2.499990499117382114e+01
-2.207237742119736890e+00
-2.499981531181309080e+01
-2.499985729455531924e+01
-2.335400844892157601e-01
-2.499991296229693916e+01
-2.499990559450952077e+01
-2.499991737855199503e+01
2.566435733082925164e-01
-8.149334172291553546e-01
6.828068008031736857e-01
1.188346615442647858e+00
7.393714817234511294e-01
1.281499134335735590e+00
3.935820825779671739e-01
5.448756932789521334e-01
-3.557259643214402356e+00
-1.637103717573230810e+00
-8.189211864001025853e-01
8.890036962458550129e-02
-2.499995324677316333e+01
-2.499994020712479426e+01
1.141276884664206070e+00
-2.499995403959633933e+01
-2.499973569748484437e+01
-1.137395295058284850e+00
-2.499993799642113501e+01
-2.499989993675036004e+01
-1.636295336722088933e-01
-2.499992212530018065e+01
-2.499996133841998613e+01
-2.499995577432059335e+01
-2.499994907765049490e+01
-2.499991727415373433e+01
-2.499993599834366265e+01
-2.499992356116122849e+01
-2.499995273996061940e+01
-2.499993643720964087e+01
-2.910914351236280506e+00
-2.499993205865184009e+01
-2.499992789434592311e+01
-2.499995189611022184e+01
-2.499995824935188438e+01
-2.499996175723787317e+01
-2.499996144644665108e+01
-2.499994760170130448e+01
-3.470825328378094987e+00
-2.499995085837124620e+01
1.148791540290216462e+00
-2.499992284838214118e+01
-2.499993079362172921e+01
-2.499995938266480522e+01
-2.499995032510082282e+01
-2.499995045580457997e+01
-2.499996049838241419e+01
-2.499992089566489284e+01
-2.499995366761138627e+01
-2.499993895798432320e+01
-2.499991525906735390e+01
-5.134236197758101916e+00
-6.956744277156310385e-01
-2.499984155013935805e+01
-4.248226127027939114e+00
-1.311867749708916508e-01
-2.499992086780373768e+01
-2.449951596251760844e+00
-8.703617004779176658e-02
-2.499994656265240422e+01
-2.499992114288755118e+01
-4.229941725469242852e-01
-1.835406745604572232e-01
-2.499995174692735489e+01
-4.054165510886423851e-01
-1.187392752643172011e+00
-1.049909303880308453e+00
-2.499995028917400930e+01
1.120617987584845876e+00
1.057133725192294982e+00
-1.967221616057806655e+00
-2.862256895224034814e+00
5.378041935899060544e-01
8.366176602902879456e-01
1.059280540034163831e+00
-1.812836562052613509e-01
2.650232370190496178e-01
6.635465362585035720e-01
8.620227800414118624e-01
2.588250065992971360e-01
6.566482772557475922e-01
-4.405739245897896117e-01
8.025467198865909868e-01
8.346061510724276378e-01
-7.845372886976289539e-01
-3.432980070506028714e-01
2.913697985731394935e-01
9.202949851890549482e-01
-1.609773238329709644e+00
-2.499994931415146127e+01
-2.499993868446286172e+01
-2.499995566855647411e+01
-2.499994718948213546e+01
-2.499995812224673131e+01
4.640046603119610813e-01
9.465524121833862603e-01
-2.499992902610730283e+01
-2.499993046628267379e+01
-2.499993494522848891e+01
-2.499993577084424956e+01
-6.649626298822151893e-02
7.957472639793744529e-01
-1.119853580915698421e+00
1.744870546132229472e-01
-2.499994345647635896e+01
-2.499992863093516604e+01
-2.499993695063403720e+01
-2.499994990396720240e+01
-2.499995264768480752e+01
-2.499994460612308700e+01
-2.499995781801897721e+01
-2.499995467740160393e+01
-2.499989725853882661e+01
-2.499993600953091999e+01
-2.499991617534202248e+01
-2.499993804850738499e+01
-7.563501787074757010e-02
-1.373443352837390830e+00
-3.121791630409764817e+00
-2.499992973404751950e+01
-2.499994592631012580e+01
-2.499993532541529362e+01
-2.499994698370636925e+01
-2.499992157930577008e+01
-2.499992772829487464e+01
-2.499988263127993804e+01
-2.499989344899305621e+01
-2.499993095770911467e+01
-2.499979519367085601e+01
-2.499988560225143175e+01
-2.499989660184689200e+01
-2.499995076672669114e+01
-2.499995375996131841e+01
-2.499993540367560740e+01
-2.499991472991364816e+01
-2.499992152074320728e+01
-2.499994993455657877e+01
-2.499994641278862773e+01
-2.499995549206197865e+01
-2.499994942328617498e+01
-2.499995215019099959e+01
-2.499995004499521301e+01
-2.499995311654667773e+01
-2.499994785219469762e+01
-2.499987984341823477e+01
-5.420624149674275749e-01
-2.499995087055578225e+01
-2.499990858345768885e+01
-2.499994314803439366e+01
-2.499992425032788645e+01
-2.499992171918572836e+01
-2.499989056958262168e+01
-2.499992126175571272e+01
-2.499994237318960444e+01
-2.499993469775781207e+01
-2.499996260814563698e+01
-2.499994372213085114e+01
-2.499994689027746375e+01
-2.499995358916062571e+01
-2.499995702955370547e+01
-2.499993743468873220e+01
-2.499990004137434596e+01
-2.499994351512402346e+01
-2.499995529829319096e+01
-2.499995493089486587e+01
-2.499993401880676558e+01
-2.499995184998828179e+01
-2.499993919915610974e+01
-8.953477286972812976e-01
3.271615243684555807e-02
-1.749156819763243664e+00
-9.463144472445857991e-01
-2.499994654969314212e+01
-2.499993781248941715e+01
2.439455406704948426e-01
-2.499991446739802825e+01
-6.939267550020780662e-02
-2.499994734469525781e+01
8.621243691915795315e-01
-2.499938585882777176e+01
-2.499985955630452139e+01
-2.499995920663500115e+01
-2.499994266636258544e+01
-2.499993795983715827e+01
-2.499992482861411958e+01
-2.499994307558050011e+01
-2.499993211240404278e+01
-2.499993135418308299e+01
-2.499992724096252061e+01
-2.499991802390062645e+01
-2.499994082137076035e+01
-2.499995235068025323e+01
-2.499994353600150987e+01
-3.347365451948683734e+00
-2.499989335931183732e+01
-2.499988291562629428e+01
-2.499991258990620580e+01
-2.499993262605689992e+01
8.513374345958449885e-01
-2.457019529691796045e+00
5.450742500673270152e-01
-2.499994793379168456e+01
3.879719560233285125e-01
-2.499977907636761998e+01
-2.499994456067395276e+01
-2.499992709813704295e+01
-2.499993505495549329e+01
-2.499993526394317556e+01
-2.499994273874002459e+01
-2.499994709712473906e+01
-3.706630990229869971e-01
-2.499993899800363195e+01
-2.499995303979083161e+01
-2.499994580024256408e+01
-7.171693741743331851e-02
-2.499995744335654990e+01
-2.499991425457863059e+01
-2.499993200799968207e+01
-2.499993734988840544e+01
-2.499994910749579091e+01
-2.499994292026959997e+01
-2.499994597019254883e+01
-2.499994684809271561e+01
-2.499994934927691048e+01
-2.499992024914583411e+01
-2.499990719366800107e+01
4.527165927093438347e-01
-3.657004953859656293e+00
-1.066371134250069908e+00
-3.245492715801582939e+00
-2.499993067625872101e+01
9.571164393893243083e-02
-2.499994771915450187e+01
-2.499993692249670474e+01
-2.499995027043394558e+01
-2.499992554880948603e+01
-2.499995387724803564e+01
-2.499991030206667375e+01
-2.499994387439764054e+01
-2.499995282771522653e+01
-2.499994722176498030e+01
-2.499992196000488320e+01
-2.499994380980235320e+01
-2.499991367855291102e+01
-2.939592202486447814e+00
-8.709839916152227468e-02
-2.499990574519953412e+01
-2.499991024002404316e+01
-3.912159916180962260e-01
-9.290949593877059209e-01
2.193583704996565076e-01
-1.163855352735801291e-01
-5.811842087378376043e-01
-6.099333650306781873e-01
-2.321572159909484068e+00
-3.269201126975319394e+00
-2.499989877303077179e+01
-6.878027920532612249e+00
-6.973501508237986979e-01
-1.999436590284203064e+00
-3.791646348657150556e-01
-1.279939387745989698e+00
-2.021506973457487977e+00
2.175722860875380638e-01
-2.499990389057148832e+01
-2.499986377547249106e+01
-8.441029940637274909e-02
-2.499979577280511833e+01
-2.499976612659718711e+01
-1.245888472159982552e+00
-2.499989952948738647e+01
-2.499994798155276499e+01
-1.987803419548141104e+00
-1.935666407933151478e-01
-2.499993796002696200e+01
-2.499993071008272238e+01
-2.499994689405514947e+01
-2.499995147780410321e+01
-2.499992336939100568e+01
-2.499994247925829782e+01
-2.499990646291088225e+01
-2.499993311606113977e+01
-2.499988642973777431e+01
-2.499988882097900955e+01
-2.499990000898967679e+01
-2.499994079630118904e+01
-2.499992454906365680e+01
-2.499993827756664899e+01
3.976863271161024116e-01
-2.499990712211058508e+01
-8.395166905246945754e-01
-2.818809854472029475e+00
-1.011889139217074574e+00
-1.232519752652972311e+00
-3.454544337102357865e+00
-1.755362566553434478e+00
-2.499991755493773837e+01
-2.499993773990325252e+01
5.588450693162096972e-01
-2.499992888039439976e+01
-2.347744488861404355e-01
1.685300936347004230e-01
-2.499994255623655448e+01
-2.499991525111621016e+01
5.057917558128550706e-01
-2.499992958541914234e+01
3.070052942212440072e-01
1.084998127973575865e+00
-2.499993362837461675e+01
-2.499994846140640092e+01
-2.499994313923910028e+01
-2.499993990088903928e+01
-2.499995231346722591e+01
-2.499993853530605392e+01
-2.499994979984559862e+01
3.230318282026224952e-01
-2.499993503436243003e+01
5.915464494044889721e-01
-2.499995366898762938e+01
4.074782945190451033e-01
-2.499995377281608810e+01
-1.731428433984379511e+00
-2.499993537198221816e+01
4.042124220733109285e-01
-2.499994766177579208e+01
-2.499994933958074483e+01
-2.499994990272733020e+01
-2.499995150708017988e+01
-2.499994032394465293e+01
-4.473930577897987648e-01
1.190135508159554600e+00
1.699259581959694232e-01
1.020434963079415613e+00
5.500878268292651585e-01
-2.511904778125725102e+00
7.988315741770706246e-01
7.672307297771047141e-01
1.774322914738898221e-02
2.115523519431126154e-01
-2.120578166520449059e+00
6.210212756538739942e-01
7.806214804747374503e-01
6.478451375693856651e-01
-2.499993167970317387e+01
2.782728132971417079e-01
7.190325577213362296e-01
7.658958687134759247e-01
8.119108624204744995e-01
6.481261742687943750e-01
7.215810142679279782e-01
7.932293835967016982e-01
1.164387686927258247e+00
-2.499994302611288433e+01
-2.499995044360662177e+01
9.272520589757913267e-01
-2.499988208992598615e+01
-2.499919458100244896e+01
-3.984432884339699221e-01
9.199546888808416423e-01
-2.909125111440499095e-02
1.252085914656039023e+00
9.319079917147868874e-01
8.287624849191542742e-01
-5.778923220586845710e-01
-2.499977460940420215e+01
5.718780209775152779e-01
-2.499991368570399786e+01
6.438383298702078372e-01
3.597760837941235690e-01
3.466273388882478157e-01
9.350445298101750513e-01
9.196855554139580224e-01
-3.747058332221757659e-01
2.930692205355155400e-01
-1.913654789668832179e-01
4.059159076148550760e-01
1.343591261963025807e-01
5.447221147425540533e-01
-4.400511588452820644e-01
8.874624325515929613e-01
9.439939816378439819e-01
3.163377041659990452e-01
5.224733024497933975e-01
-4.596228102234151680e-01
-2.499989500875165049e+01
-1.052246646970813826e+00
8.056805904338762980e-01
-7.941450012550419491e-01
7.416109924335964054e-01
5.091125289845394031e-01
9.218641916564684902e-01
7.385393153854941106e-01
-2.499985220486431103e+01
-1.754120994944359802e-01
-1.544182735612362078e+00
-2.499996203592687039e+01
-6.327016679375814245e-01
-2.499984885086509578e+01
-2.499986875556231425e+01
-2.499991207928872683e+01
-1.669169495775341572e+00
-1.395504965807157882e+00
-2.499992168131264592e+01
7.991537940354063174e-01
-9.945118405153600127e-01
-3.838148820442552345e-01
-7.610959660735238108e-01
-2.332508121836347925e+00
-2.499995698388842769e+01
-1.670696814628490068e-01
-8.162178961473027794e-01
-1.124440680003645054e+00
-1.857609533945626112e-01
-1.712392956760943885e-01
-2.499994680842518946e+01
-1.838453364249497568e+00
-2.754548038005764643e-01
-2.336841257670397187e+00
-1.505875543852446707e+00
-1.206107728369339771e+00
-1.150938999715408473e+00
3.772036421374725390e-01
2.397165603682591128e-01
-3.459230020679899265e-01
-3.017873280144000442e-02
-4.930561425356296823e-01
1.776525957907233999e-01
-1.405272176732460077e+00
-1.125006063536921133e-02
-5.028021428702312612e+00
-1.081162372742370925e+00
-2.320550666273513585e+00
-4.657611687186047900e-01
-5.797503193036217528e-01
-3.226964795760793314e-01
-1.043923941153085178e+00
-2.499995486754065155e+01
-5.384353522776422762e-01
3.801516318237173064e-01
3.126378133987195440e-02
-1.019243777048311816e+00
-1.415434179050146124e+00
-8.816901631971122422e-01
-2.940900815031080584e-02
3.387938636735150499e-01
-4.890016453242015254e-02
8.942907540986577697e-02
3.391865845923450196e-02
-1.133859049098807414e+00
-6.730603042192685459e-01
-1.044444355116368905e+00
-5.452278051731634934e-01
-7.813488883072780555e-02
-1.792398559080831122e+00
-7.350992716714796482e-02
-9.951555816478355743e-01
-1.385772999140518769e+00
-5.300989077899946889e-01
-1.217615162564662956e+00
-4.777799852093307931e-01
-2.965860096203395413e-01
-3.416631475285576980e-01
-7.607943880874901144e-01
-5.295885542532781098e-01
5.508464004295191702e-02
-2.260012372767096878e+00
-3.427006726895321931e-01
-1.994394763712412644e+00
-2.448529543333926917e+00
-3.790308860193146445e-02
3.861313228046378554e-01
3.625584356773033923e-01
-4.378561703925103188e-02
3.902216342188224996e-01
8.882242783918595230e-02
1.663959860200803220e-01
2.046339889589190997e-01
5.316902235454195047e-01
1.703655198336113397e-01
-1.326830478918767264e+00
7.050453230965385565e-01
-1.839828833790257745e+00
3.473585059585205803e-01
-2.499996152164634822e+01
-1.087566670509311662e+00
1.814507181741483177e-01
-2.499988153664499180e+01
